gen	0	0.0035404373	0.0058128177
dis	0	0.0035230823	0.0057438190
gen	1	0.0002603263	0.0002155731
dis	1	0.0305970149	0.0596374246
gen	2	0.0002776814	0.0002978628
dis	2	0.0546511628	0.0852335591
gen	3	0.0002256161	0.0001940644
dis	3	0.0589378688	0.0891102109
gen	4	0.0003297466	0.0002363731
dis	4	0.0642658799	0.0942637991
gen	5	0.0003991670	0.0003532639
dis	5	0.0668864977	0.0979484066
gen	6	0.0001735509	0.0001722136
dis	6	0.0683269698	0.1011265011
gen	7	0.0002256161	0.0001771285
dis	7	0.0678063173	0.1017998631
gen	8	0.0001561958	0.0001442531
dis	8	0.0674765706	0.0995160881
gen	9	0.0003123915	0.0001916289
dis	9	0.0698542173	0.1053229799
gen	10	0.0002256161	0.0001667482
dis	10	0.0679972232	0.1027013476
gen	11	0.0002603263	0.0001813979
dis	11	0.0654460257	0.0999075582
gen	12	0.0001214856	0.0001148885
dis	12	0.0635716765	0.0982165877
gen	13	0.0001561958	0.0001302544
dis	13	0.0638667129	0.0963391295
gen	14	0.0001735509	0.0001260047
dis	14	0.0628601180	0.0943947337
gen	15	0.0001735509	0.0001729628
dis	15	0.0640229087	0.0960361797
gen	16	0.0001909059	0.0001934273
dis	16	0.0627559875	0.0950978757
gen	17	0.0002256161	0.0001456750
dis	17	0.0585213468	0.0885134759
gen	18	0.0002082610	0.0001431543
dis	18	0.0593891010	0.0918721966
gen	19	0.0001561958	0.0001231731
dis	19	0.0585907671	0.0888948505
gen	20	0.0001909059	0.0002221209
dis	20	0.0573932662	0.0857613361
