model	epoch	precision	recall
gen	0	0.0035751475	0.0057794589
dis	0	0.0035404373	0.0058142739
gen	1	0.0002082610	0.0001742102
dis	1	0.0337035751	0.0660071435
gen	2	0.0001735509	0.0001229338
dis	2	0.0523776467	0.0787324581
gen	3	0.0001735509	0.0001229338
dis	3	0.0579312739	0.0869089468
gen	4	0.0002603263	0.0002185537
dis	4	0.0642485248	0.0943018425
gen	5	0.0003297466	0.0002428702
dis	5	0.0669906283	0.0965753140
gen	6	0.0001735509	0.0001450701
dis	6	0.0674939257	0.1021521915
gen	7	0.0000694203	0.0000354410
dis	7	0.0699930580	0.1042581523
gen	8	0.0001909059	0.0002455939
dis	8	0.0698542173	0.1051654914
gen	9	0.0001909059	0.0001460680
dis	9	0.0692120791	0.1060425022
gen	10	0.0001909059	0.0001642577
dis	10	0.0665914613	0.0996167627
gen	11	0.0001735509	0.0000951064
dis	11	0.0656716418	0.0979318525
gen	12	0.0001909059	0.0000922775
dis	12	0.0641270392	0.0932779887
gen	13	0.0002776814	0.0001894886
dis	13	0.0652898299	0.0961920864
gen	14	0.0002429712	0.0001913532
dis	14	0.0646650469	0.0940773924
gen	15	0.0002256161	0.0001579252
dis	15	0.0654980909	0.0950055546
gen	16	0.0002082610	0.0000912464
dis	16	0.0625824367	0.0907050260
gen	17	0.0001735509	0.0001308758
dis	17	0.0622700451	0.0895216152
gen	18	0.0002082610	0.0001411274
dis	18	0.0612113849	0.0891555108
gen	19	0.0002256161	0.0001377178
dis	19	0.0620617841	0.0894541347
