gen	0	0.7598343685	0.7598343685
dis	0	0.7598343685	0.7598343685
gen	1	0.6335403727	0.6335403727
dis	1	0.7929606625	0.7929606625
gen	2	0.5024154589	0.5024154589
dis	2	0.7094547964	0.7094547964
gen	3	0.5044858523	0.5044858523
dis	3	0.6811594203	0.6811594203
gen	4	0.4968944099	0.4968944099
dis	4	0.6604554865	0.6604554865
gen	5	0.4989648033	0.4989648033
dis	5	0.6383712905	0.6383712905
gen	6	0.5051759834	0.5051759834
dis	6	0.6211180124	0.6211180124
gen	7	0.5017253278	0.5017253278
dis	7	0.6052449965	0.6052449965
